"estimate","se","ci_lower","ci_upper","true_beta","scenario"
1.7993686499328,0.264203125084418,1.33752766690641,2.27999636353689,2,9
1.79213294601868,0.277037441382754,1.28568436505348,2.3581206147353,2,9
2.18783969970912,0.257702217796684,1.67269402089531,2.68075247332234,2,9
1.76000576741145,0.241002261881468,1.3165042827806,2.18107897074341,2,9
2.11734522228586,0.28891736968759,1.48460164440036,2.66213576599276,2,9
1.65575638882504,0.284438507449464,1.13944404879059,2.22969438806401,2,9
2.22494988852011,0.26258103142124,1.73645688229176,2.73633259243352,2,9
1.70064120609654,0.292619767057256,1.15466711986681,2.20824648704124,2,9
2.05539589502149,0.279661761472586,1.50919514589878,2.61920332114118,2,9
2.56453425769297,0.273972004138487,2.06804199129197,3.12181396520804,2,9
1.94077299118162,0.292537642645471,1.34800616801961,2.48617407968783,2,9
2.17508001083495,0.287450154714962,1.63753138666918,2.73206240933109,2,9
2.65096652457494,0.26673210637223,2.12658467676898,3.21728830194649,2,9
2.03809031182997,0.33451006578989,1.39581736808695,2.63045805316748,2,9
2.17675423935303,0.28342758771106,1.64292493419974,2.69450654468067,2,9
2.08100778657325,0.275365128965758,1.60376564745171,2.6050962246067,2,9
1.73996645572459,0.312115839551293,1.17307365033985,2.34946576521843,2,9
2.04237743315406,0.30860983047188,1.47496561911164,2.67748798222974,2,9
2.16322714391268,0.250828266036918,1.68441505062478,2.63782747578256,2,9
1.3365043529,0.322502835157829,0.709771093966205,1.98915446852356,2,9
1.90685016403104,0.278557490017501,1.33969288729832,2.40554872850988,2,9
2.34195207197547,0.276504588456439,1.81721630684093,2.86989200198522,2,9
1.89502651791285,0.307008956675032,1.29392301022225,2.44833076642482,2,9
2.17257530441724,0.272757845308401,1.62580791444623,2.70997276489641,2,9
1.97866372889728,0.298461365581812,1.39924586173156,2.55231037184866,2,9
1.75392528577238,0.298138034245024,1.14381877040581,2.36227701524688,2,9
1.85529332644461,0.264161859394685,1.40655375713178,2.35226270892776,2,9
2.56311240747913,0.291405054909282,1.96785394775864,3.10402236073912,2,9
1.52291527097577,0.281929622169091,0.954358026499218,2.04807482447171,2,9
2.266778376435,0.298919450110498,1.7120076964357,2.87114160679201,2,9
1.8258034827538,0.274981855214641,1.29550180817005,2.41932256726265,2,9
2.12831513139754,0.244747065570254,1.64958422558555,2.61499020381068,2,9
1.96628439964576,0.293107854475013,1.42400039444372,2.54709650857295,2,9
2.04583235489703,0.29215522827488,1.47044870283857,2.58027263131809,2,9
2.07155205791344,0.270741383600727,1.54052648575333,2.56536883555647,2,9
1.84569970495262,0.278779334139528,1.30046597999302,2.41704049829994,2,9
2.1079797233561,0.281902235972637,1.51771580419088,2.66362943317873,2,9
2.32601692754045,0.276120662130727,1.78699519029666,2.87995795068252,2,9
2.12495429887923,0.26221410954244,1.6366761384033,2.69743478890915,2,9
2.01717735450981,0.273501348978388,1.43558684519825,2.49293838119861,2,9
1.3724850866566,0.290500828805353,0.818245592893151,1.97864080437461,2,9
2.00657676307706,0.298837030524648,1.37943012594147,2.5395308025621,2,9
2.15580433755006,0.301604659997038,1.56919780672852,2.73130613074252,2,9
2.24524201191832,0.29481600048262,1.62148087827055,2.80595992543055,2,9
2.48093543783333,0.303485098363569,1.89334035848068,3.1294173328461,2,9
2.10631005674407,0.293417051775435,1.50704494783382,2.69946931100901,2,9
1.81835124393632,0.270074076207752,1.25131963493153,2.31689812671401,2,9
2.32495116386914,0.274871450973454,1.78981957599334,2.85370658836634,2,9
2.117146350934,0.260311257116237,1.57971678951447,2.62128694420503,2,9
2.23654506218101,0.294954350785498,1.61139690879776,2.81228531000435,2,9
1.74683214654112,0.296605992754826,1.23517766704214,2.28044755037924,2,9
2.56677649095784,0.262800328706694,2.06284511816793,3.06125200377161,2,9
2.1833908933618,0.26929523828906,1.63981447220453,2.6546792306204,2,9
2.28898981024086,0.245956118323499,1.81493853212141,2.6819799959638,2,9
1.63859433685045,0.26761412522533,1.12055457384466,2.16407117436716,2,9
2.10067930648043,0.287753600875537,1.5772917639095,2.65064603463852,2,9
1.1380381061269,0.277751758372922,0.613859410986677,1.70682626666423,2,9
2.15882267281813,0.289435234402537,1.6256277796085,2.66674237188344,2,9
1.77790736534037,0.331789262568904,1.12639151140142,2.44160159269579,2,9
1.85467616332066,0.276275734928692,1.2366339381409,2.425854633503,2,9
1.97406021409237,0.244565359221712,1.54139717735317,2.45682726827048,2,9
1.69908282069665,0.246069937075728,1.22561202662844,2.18676776689523,2,9
1.8499685836708,0.248058669365296,1.35376938517623,2.32096847923822,2,9
2.37231916404643,0.270945944249737,1.87616841272666,2.89709784094055,2,9
1.67717982383998,0.312111514683511,1.0983771709719,2.27877940053828,2,9
1.84964206607745,0.30455586728019,1.26609871345526,2.4104947657047,2,9
2.06508266886344,0.281575960421005,1.54812781689072,2.61643589897443,2,9
2.0632938513476,0.264714173433217,1.51295917358131,2.59040861024869,2,9
2.05870431673796,0.307684392569092,1.45263117951809,2.66223382578952,2,9
2.03963408170521,0.258809122738593,1.52515066761019,2.54290830660935,2,9
1.81437582547487,0.311262739881016,1.16595094891099,2.45963119348268,2,9
1.90766786604616,0.280569780892555,1.42984713774188,2.47512008964496,2,9
1.78388582722359,0.266803261105772,1.27494531226683,2.25444480056299,2,9
1.71647549963271,0.291976174505655,1.16360862230389,2.26251127777843,2,9
1.62351062927852,0.268742121014265,1.08811336591576,2.14545457063949,2,9
2.29860756597687,0.275830977522624,1.74637148229679,2.84399352963075,2,9
2.21629424922073,0.267212526601879,1.69536498164462,2.74561803408701,2,9
1.88090496075271,0.263130895020332,1.32199584555705,2.37893144032238,2,9
2.04237397583611,0.280329196906268,1.52190265597245,2.55460000728293,2,9
1.99469420694512,0.298876920267448,1.38476253825461,2.57983195239256,2,9
1.55086014443733,0.252417288712366,1.03122174461363,2.0509013255986,2,9
1.64430863551001,0.267067398822062,1.10829199349777,2.16935044534803,2,9
1.53074570475892,0.26570448915413,0.998803951100341,2.00952301089483,2,9
2.05620869291782,0.272513491738121,1.57193243058931,2.62187166980159,2,9
1.77397723931307,0.309626379378741,1.19425283514601,2.34936645900464,2,9
1.93937560612868,0.291922011600763,1.34494932912004,2.51223924075911,2,9
2.05311319233333,0.30487794911003,1.51299349696228,2.62796885360167,2,9
2.07377110093712,0.293888191469619,1.47476507523379,2.69816306384201,2,9
2.2557134348898,0.2697129815816,1.70035306261534,2.77122370041492,2,9
1.80064718999568,0.315697109994258,1.17740984931529,2.43058092318173,2,9
1.84483808646747,0.280370347308307,1.31580740746114,2.35388747598939,2,9
1.74297448562204,0.235580417423191,1.31994909231492,2.26607154552154,2,9
1.6556953967198,0.284267259187294,1.13007752866612,2.22814459141998,2,9
1.707525367057,0.278030846529482,1.20952839276595,2.2541665105238,2,9
2.03909357808282,0.268143466368499,1.55420082426441,2.58455943354022,2,9
2.1256893322346,0.252233947931096,1.62965123504895,2.60226647233998,2,9
1.5881738352015,0.280505107398694,1.05045498461218,2.14208862579018,2,9
2.43776897591834,0.265204161597883,1.87955832978703,2.90214093815974,2,9
2.16539165327579,0.275277719627602,1.59680909297206,2.72543567357477,2,9
1.90995057363875,0.306535571964604,1.31119884012046,2.55027400964902,2,9
1.68629643258497,0.312083194475356,1.05530221044367,2.33272731075791,2,9
1.69024538344366,0.307966478395064,1.08353744566757,2.32024996175273,2,9
1.39821523757964,0.262818523568683,0.84089021995385,1.89639835281578,2,9
2.33651998488945,0.30857801731394,1.74798087892616,2.85245029600314,2,9
2.43989805514335,0.27813483151912,1.89469639521483,2.94191752693849,2,9
2.21219065030475,0.302726749611391,1.56942789893864,2.74083778940395,2,9
1.84512689960069,0.307891095871785,1.32310414892417,2.41870677290756,2,9
1.96244465785242,0.285356606529217,1.36271638734453,2.49409992679396,2,9
2.52868753696732,0.28062597601134,1.99855463330165,3.03073581835485,2,9
2.19789135788127,0.293906803472227,1.65340034692267,2.7585942005904,2,9
1.82151219282632,0.279646909649992,1.27730133950297,2.34375736096321,2,9
2.24134396635441,0.288998567031893,1.7561940715615,2.76358107741624,2,9
1.88336885181578,0.285126023619971,1.35060784725278,2.40275537428732,2,9
1.51832580644089,0.298229461247495,0.984059972900307,2.08992611575331,2,9
1.90992802657971,0.289922622908636,1.34273758734166,2.44329842813695,2,9
2.26009685675573,0.311806855707439,1.66296624704445,2.88914231890418,2,9
1.65870340748477,0.275174671945829,1.13100897594827,2.21064306538776,2,9
1.58539041190938,0.256635643900653,1.0844674529928,2.1035421824573,2,9
2.22271118610483,0.304689047643844,1.61722368179761,2.8380979320705,2,9
1.83393582576647,0.267483088259613,1.27670047215832,2.37474284276621,2,9
2.20948819150924,0.291137240330363,1.64448313722787,2.75823823261447,2,9
2.07845699783333,0.32402898799255,1.49769240547377,2.61308543029233,2,9
1.90050448811579,0.300001580580378,1.32378501350929,2.48479370311709,2,9
2.16453343522294,0.273036334513518,1.6267858886281,2.72933232127941,2,9
1.78351376868287,0.291773030725082,1.20226100334357,2.3778385056234,2,9
1.70817002014753,0.260207928460645,1.20908207451351,2.20851316708094,2,9
1.76820001723026,0.298502931420217,1.19972739869279,2.34674367060068,2,9
1.50270140577573,0.299509875074384,0.948028758418479,2.06719241541256,2,9
1.74086109438595,0.281594152432848,1.25001261584203,2.29636176274868,2,9
1.64164893327769,0.292199841194933,1.10985573693819,2.19172227798612,2,9
2.31286207329367,0.303059460555932,1.71255446862786,2.94027463062688,2,9
2.02372446988474,0.297501029548845,1.45140897134521,2.62348455887971,2,9
1.66173718610645,0.261652118988022,1.14735263643371,2.12440959971239,2,9
1.99968198718338,0.260909600862022,1.51537971414439,2.50177024881281,2,9
2.18602230006953,0.299305720426347,1.61176677326659,2.80635077439803,2,9
2.01820925735365,0.280347694674267,1.50228293211213,2.55671794843506,2,9
2.05531171627179,0.279850701923666,1.53650493479901,2.7001136561087,2,9
2.1325426554995,0.32119394841958,1.40471005288543,2.79891532257827,2,9
2.12649835170978,0.292445800417502,1.64429806882281,2.66950798055951,2,9
1.82708805303342,0.276828399970714,1.24493101535678,2.35603869645596,2,9
1.31052101692154,0.313499075621979,0.723342253855881,1.89240853527833,2,9
1.84225871246331,0.262505957275617,1.2834855356533,2.33951195556244,2,9
1.6702277559079,0.253201371453156,1.16839725388137,2.15334076590661,2,9
1.92231485186661,0.297654511635802,1.35633775490812,2.48195987760044,2,9
2.44916892753135,0.267803022908889,1.93222634761623,2.94318809240113,2,9
2.17142232125329,0.26517913825178,1.65420547902717,2.64432430965968,2,9
2.24939839033497,0.290788949596538,1.6737515838187,2.78428570438625,2,9
2.37178691660371,0.281357947382823,1.85166560997905,2.88344834148129,2,9
2.32497072728353,0.281972620030821,1.74976445156669,2.81035636111545,2,9
1.87294680598178,0.303764634860998,1.26232784006225,2.49336126168926,2,9
1.765276638934,0.242071929796861,1.32644149952278,2.25624567960053,2,9
2.05481206833592,0.275090899477256,1.46610663160117,2.58570842303235,2,9
2.25075480124796,0.299496772122452,1.63207849712561,2.82300085170958,2,9
1.96059472077363,0.282111270672588,1.45292406786183,2.43644477185866,2,9
2.16056616194564,0.271767759061418,1.63939453463211,2.64662385151124,2,9
2.08708384250166,0.281769625512268,1.5234583546886,2.56196230783131,2,9
2.53891242822688,0.291287312524516,1.98761481439141,3.12180585071559,2,9
2.12154397763988,0.311072116491196,1.52462575155456,2.68823384948713,2,9
1.78817550362655,0.250272583758542,1.3094709462362,2.287603879526,2,9
1.67422720932123,0.317924021191768,1.13805483708283,2.26387737138728,2,9
1.6557933755329,0.278820329246088,1.11141561873481,2.17699115099393,2,9
2.33311813629464,0.27362029010375,1.77809756519618,2.87133120071389,2,9
2.07351186474534,0.258341261487107,1.48934118747228,2.51003377169008,2,9
1.81430824862374,0.270542692716428,1.30636411469575,2.36713094089173,2,9
1.59696327746069,0.286959623136336,1.04723912258059,2.17061875495573,2,9
1.70589604764422,0.293041011250907,1.11076270736377,2.33418089622112,2,9
1.68345005263697,0.278496807597031,1.14163584531814,2.19808969303838,2,9
2.36280775644423,0.285420957062087,1.85579768630055,2.90025652152861,2,9
2.05715311352088,0.28717194269519,1.51145928795421,2.58932282791478,2,9
1.79142769400081,0.281160432662528,1.24575331439275,2.3846869640197,2,9
2.08324676221353,0.290091336134282,1.51102497896829,2.65155224695569,2,9
2.1112705752248,0.272600872657796,1.57727156036301,2.60583185219322,2,9
2.06715554417828,0.280797224369906,1.46134537759623,2.62989951065609,2,9
1.92116807404382,0.283854180730419,1.38287171073748,2.45937432406189,2,9
2.58685208528963,0.342625163485632,1.92650136440707,3.15945681335585,2,9
2.31355643930563,0.307911236823387,1.78537629619492,2.84700642513133,2,9
2.06602014898755,0.293578346364658,1.52216768210378,2.57933595766743,2,9
2.32158871199137,0.320173555226541,1.75399684707076,2.93861206315843,2,9
1.920136117113,0.274555723092413,1.42424489896335,2.49795329349855,2,9
2.08797822432117,0.270104579434325,1.58171137513502,2.60053024196136,2,9
1.86319296215735,0.324874913634854,1.26485899233734,2.52406372682036,2,9
2.21731224502568,0.269609309189285,1.69295018347884,2.73295766770363,2,9
2.53075020873317,0.242716196287711,2.0508830281073,3.00738933089162,2,9
1.91029415219454,0.297093413564465,1.3054073127057,2.43518941175624,2,9
2.28936198720167,0.283339454662114,1.820750183948,2.82175098294586,2,9
1.94373779979269,0.298847184479605,1.4268960071361,2.55921184783294,2,9
2.54573037630394,0.249576380252542,2.06602629218607,3.0771465956897,2,9
1.80260222291216,0.293914852069063,1.25734609571093,2.40669266448257,2,9
2.04237743315406,0.30860983047188,1.47496561911164,2.67748798222974,2,9
1.23952905066561,0.298191850918294,0.725395676667738,1.76452621230517,2,9
2.04020413919992,0.265967829312539,1.55518348651409,2.52824113642214,2,9
2.22096205416182,0.25374372757173,1.66912749068674,2.67913149655895,2,9
1.7041172492398,0.271268535542906,1.17550249137671,2.20231520490991,2,9
1.62735985666695,0.271210409271458,1.14990716873112,2.14172061928496,2,9
2.32221611711982,0.292233040562336,1.72573121853404,2.91498905629508,2,9
1.97265209567229,0.282796093570483,1.36385601582159,2.53551302093539,2,9
1.87976681957879,0.287296632649348,1.32395968728693,2.4676861676314,2,9
2.13912521776244,0.292452045482944,1.58279691797338,2.71370229215555,2,9
1.92941495452983,0.304352812826881,1.31179809826748,2.48099465997754,2,9
2.15734133704693,0.304291453913575,1.57447272108068,2.7389679561905,2,9
2.10023680958766,0.278560950616733,1.60654494743959,2.64221102735879,2,9
1.81589961123566,0.288711232272131,1.22060538617883,2.39696902331665,2,9
1.66681181937996,0.297827788738624,1.0448537971971,2.26286506314634,2,9
1.93763194429874,0.243763327004665,1.44728487794679,2.42064753313814,2,9
2.42737198443837,0.264037514210794,1.9208754102543,2.96120416644319,2,9
1.94842881225088,0.252953152661193,1.45945570122243,2.50242041880766,2,9
2.22317655767577,0.27819822252573,1.64980810979301,2.74724209763885,2,9
1.82922215873599,0.28905221405229,1.29223331143847,2.40575350932819,2,9
1.97678342354396,0.278150980313915,1.4946285355342,2.46552757479016,2,9
1.42826024300358,0.285050643904369,0.840991281315652,1.94572281478133,2,9
2.14070979137904,0.323943943921535,1.49296052295034,2.77828722733131,2,9
2.0869052304641,0.282935544603202,1.56176318451325,2.54582167303116,2,9
2.09923281516396,0.315601646416305,1.5131427767311,2.69158568218079,2,9
2.82426237432818,0.284667115748546,2.26239304429008,3.38190774128,2,9
2.08504833289323,0.280099540394068,1.52669174729616,2.65446707718949,2,9
2.19143083117425,0.265806805061016,1.71317254850649,2.68599572410621,2,9
1.95659515081334,0.278072335988529,1.43690641747942,2.49004700876923,2,9
2.12765322339684,0.312809147518737,1.48666147254669,2.79405273281835,2,9
2.43635409243987,0.291860165905981,1.88447536243446,3.08423038750973,2,9
2.45846078962428,0.334786007701289,1.8491407028729,3.12699608995597,2,9
2.27780045986621,0.289270293662907,1.70633648338414,2.82777590613934,2,9
2.58678991057401,0.304738003378506,2.01657512566371,3.15029648274666,2,9
1.60954413367644,0.298915025217969,1.07638177476944,2.166283656288,2,9
1.59718883497196,0.25898697183015,1.12107464926612,2.13030189153734,2,9
2.20287882178559,0.288800842038785,1.62315856720054,2.78521420357944,2,9
1.54618802421548,0.256071602851783,1.0907984611794,1.98389031165705,2,9
1.93483214310545,0.26986596525649,1.42991002839347,2.40110642878424,2,9
1.85244987832101,0.295643558937128,1.25051563582942,2.38906657317041,2,9
1.45457630417928,0.293921986532654,0.851972859627812,2.05023619245541,2,9
1.67473256273951,0.261864481066695,1.14318778217646,2.24018003453365,2,9
2.31638230848065,0.245519174163823,1.83756258599706,2.77923182863656,2,9
1.70699037857055,0.252594845095621,1.25806978288799,2.18197192641175,2,9
2.06497855199199,0.301975113270312,1.47751383334592,2.66701939192791,2,9
2.33206049241923,0.324630229590225,1.65699776957876,2.88111093179181,2,9
1.83434231922631,0.2974472922002,1.27754988181102,2.42178139060763,2,9
2.09908841901777,0.272639363018174,1.65558418384671,2.64465525090392,2,9
1.54417250451826,0.285829692773399,1.00327283382316,2.11757791483857,2,9
1.78833315734877,0.286297296255103,1.21654065427265,2.3438371144834,2,9
1.84618176826256,0.239819113299349,1.36607669426658,2.35925562665317,2,9
1.63404285735338,0.278556595340467,1.08643495632721,2.15896281826699,2,9
1.83000262981426,0.259090732988962,1.33927537610929,2.36038594699344,2,9
2.12606944004497,0.329400368669367,1.49701355433718,2.83873597297553,2,9
1.85473503475489,0.281694926174847,1.29329190800128,2.42407226740984,2,9
1.85720605312702,0.287453622630964,1.33451137314188,2.39746092694775,2,9
1.88104636936332,0.247164468313559,1.3720392008863,2.3388315319099,2,9
2.266778376435,0.298919450110498,1.7120076964357,2.87114160679201,2,9
1.95945566165747,0.260898645368721,1.44829214503929,2.44010197403854,2,9
2.52295517413361,0.255974837362022,1.99216059547333,3.01775397174533,2,9
1.99936626869742,0.306822438378047,1.4147315988925,2.59484441078719,2,9
2.65553974105165,0.254454312070664,2.16438131619908,3.12497058061886,2,9
1.74479765117232,0.257691669677059,1.24916105641207,2.26424411496354,2,9
1.81513570891079,0.263773764735667,1.32180001839285,2.33309069311007,2,9
2.11494603053078,0.262797914844163,1.60746250919396,2.59405817622663,2,9
1.81276388196069,0.288530190297388,1.25852427813089,2.34122891446877,2,9
1.75134859955217,0.304753577289822,1.22315768598754,2.29369277036281,2,9
2.04074098990157,0.311770476547001,1.39684520503266,2.62576689373475,2,9
2.00788096527747,0.282861272296635,1.44772701383585,2.49632004750302,2,9
1.81811178674017,0.28168020241971,1.27678923773624,2.32259524535087,2,9
1.90752859981036,0.307702453807246,1.34321725318728,2.52379973893642,2,9
2.23974231828065,0.268522623361641,1.65787060559469,2.77620370817473,2,9
1.98962548108908,0.264500635867768,1.46881036747488,2.52740447110702,2,9
2.29043610177817,0.285282526528872,1.75957283342821,2.82980101150779,2,9
2.22235621482998,0.291280823599972,1.64835392851342,2.82395400201025,2,9
1.82728047172628,0.291923845402891,1.21886730117234,2.29329990244945,2,9
2.13223670077138,0.255485236735271,1.6631623449772,2.64387840776169,2,9
2.05721664012334,0.259499638165632,1.45678028554499,2.54659941382666,2,9
2.50656274295528,0.280803395204202,1.96206578782262,3.02373762595986,2,9
1.92038783573707,0.29785827618283,1.37287564789571,2.48506506593531,2,9
1.63441538022302,0.260560428346346,1.12136045358485,2.10127203819108,2,9
2.33206049241923,0.324630229590225,1.65699776957876,2.88111093179181,2,9
2.35937087875002,0.292838962781276,1.79352737775885,2.89547844840169,2,9
2.23549068458661,0.263239221640664,1.76190957553168,2.68954774379853,2,9
1.37415494298522,0.330567660533892,0.737586686280186,1.98771776494931,2,9
1.70395321437579,0.29074844638229,1.15380708748307,2.26568216097076,2,9
2.1966824892319,0.291422808610755,1.66194185342891,2.70067312753319,2,9
1.7516689720777,0.293000248310814,1.16127309292577,2.35055450083431,2,9
2.29302502291008,0.266226504293483,1.81117734450557,2.79157768061411,2,9
1.89847785094542,0.239718774819472,1.44044328894042,2.35416119212169,2,9
1.93782075259847,0.278149616470812,1.39146225467414,2.45638328487437,2,9
2.16812022805019,0.279105883772136,1.5906934189903,2.68911061648286,2,9
1.76603266518451,0.28290530560861,1.16455098683089,2.3299692664699,2,9
2.23275908719109,0.300382243710387,1.63598852340835,2.83604671644411,2,9
2.52994037118098,0.28065672768748,1.99824879940435,3.04230121180887,2,9
1.95292399420728,0.261682587926172,1.42108079809053,2.43297956643993,2,9
2.04534170719881,0.272491616713134,1.54831371931044,2.55257331404168,2,9
1.88903574679187,0.271448880207191,1.33868248422343,2.41072770240211,2,9
2.10334106871951,0.3235897851044,1.54042140428808,2.77224026317128,2,9
1.67443452340715,0.292772649092491,1.12816926437537,2.26071969505882,2,9
1.71089179108256,0.262352958516041,1.18023969504414,2.22242822441873,2,9
1.65631174182371,0.270906215709907,1.16427448774456,2.1482126176309,2,9
2.11993432854063,0.242738134785473,1.67186759572486,2.60006682539031,2,9
1.90324434562155,0.292830855927438,1.36585379817705,2.49613186809813,2,9
1.74064768521723,0.266865532223771,1.1709529313116,2.31214274406786,2,9
1.40212921815808,0.260874601301009,0.859626198977898,1.9140597472194,2,9
1.89018831503307,0.259945315466302,1.45325223833598,2.42598076103147,2,9
1.91387405863988,0.298407829299861,1.33791888227746,2.49606612081965,2,9
1.88362151330295,0.294474400084287,1.29002000536717,2.42180866660765,2,9
1.8865724538807,0.302443769141989,1.29815577034957,2.48464805389987,2,9
2.08013931641121,0.268498289839042,1.54833999223266,2.63157295620119,2,9
1.93625614955726,0.27408499299199,1.40443937728249,2.43104094122294,2,9
2.05991611597498,0.300231107113685,1.5141670960803,2.63379638677822,2,9
2.13166740012726,0.289603689148346,1.58750133241709,2.693978711682,2,9
1.34574891628131,0.291155053847334,0.811546403356037,1.95587412653335,2,9
1.88149540974042,0.249044839259909,1.46865055185228,2.3756664481084,2,9
1.846776781514,0.290737819558462,1.22507190185878,2.41748722586071,2,9
2.01304866854641,0.269169236269666,1.53264352662942,2.53087697389455,2,9
1.95907944172634,0.252715493369466,1.46626105438622,2.44907398403639,2,9
1.88694691427592,0.304021180247163,1.28608476423007,2.3846614669935,2,9
2.00098896313181,0.275903103586087,1.48838633494399,2.54242203747708,2,9
2.09187186414538,0.320103846005427,1.49752248886805,2.69295308235774,2,9
2.04505866158747,0.293114376549861,1.49817172386738,2.6199158136873,2,9
1.92886127487419,0.326441995551608,1.29921985796182,2.57610371986999,2,9
2.11871081941383,0.302332876771732,1.52606897635083,2.69364428045977,2,9
2.09090264186096,0.27434560291932,1.58173208345761,2.63152603259955,2,9
1.90275378957549,0.275493520320502,1.33844335364568,2.42620888993753,2,9
1.97322963654309,0.2798950328003,1.35134431850027,2.48353303840676,2,9
1.77925845558226,0.28246567143887,1.20634925114423,2.33631782075677,2,9
1.79120169432942,0.269081498312547,1.25166920015544,2.31217597855046,2,9
2.09298873748726,0.326574837993878,1.45764891668937,2.70335969811513,2,9
2.18792370922375,0.306071910423585,1.58256307634934,2.78068873306264,2,9
2.24671304591512,0.246105156134743,1.77843131667178,2.7043883506139,2,9
1.6231950881013,0.321454317113635,0.968756194942853,2.26594787252465,2,9
2.00488372752965,0.303363868287344,1.42890523780562,2.54309958526827,2,9
2.36231948430458,0.307067543505068,1.76970171459996,2.96496552021329,2,9
1.85819993637439,0.252417724592635,1.36580798462677,2.34711636545942,2,9
1.50332139175104,0.308281885951562,0.90791445263862,2.14913495803594,2,9
2.18265730423186,0.263685633366094,1.69864162814099,2.66597795823692,2,9
2.07909583184775,0.296179226539286,1.44436760123915,2.6736217571268,2,9
1.76317178430191,0.282775586022515,1.2011065119105,2.28239641283101,2,9
1.90231685786729,0.30315811706333,1.36029515220089,2.58253457626591,2,9
1.83614886750455,0.270936318266714,1.29395824277011,2.35286591156343,2,9
1.30784121229022,0.265197583800147,0.779986250943711,1.81199547117683,2,9
1.77791071073778,0.316410898980155,1.23085830377958,2.42508083994935,2,9
1.95239007025757,0.276570318667487,1.45793603201586,2.50413183516589,2,9
1.58330880272384,0.279553370291739,1.04713279596926,2.07116491976623,2,9
1.948460541354,0.24856091605574,1.44207986409114,2.37151575823843,2,9
2.03366469570524,0.262719325716263,1.49278552530905,2.47745141007991,2,9
1.91363224657505,0.275804699707636,1.30094470597595,2.51787061531051,2,9
2.32509253928774,0.286558668213371,1.76573153596417,2.88114742987405,2,9
2.03663179733376,0.279209199039669,1.53348353013885,2.53419144256336,2,9
1.89378243299339,0.284914446868887,1.36802715178668,2.43222533824537,2,9
2.16726900345182,0.270753627676453,1.65433179374665,2.70393841619843,2,9
1.91188536549517,0.25120040013532,1.41002217827765,2.33868663878221,2,9
2.57205131140299,0.302237957086075,1.94758188739954,3.14402069045468,2,9
1.91085359233246,0.288251980131845,1.37272266457883,2.48437759660897,2,9
1.87929225639734,0.296719563220062,1.28987993562635,2.49658379944061,2,9
1.72854250913164,0.275873792536765,1.15632998896457,2.29678178784253,2,9
1.66438527440455,0.307470483771046,1.06491155441511,2.28494852298476,2,9
1.73664598995523,0.266760019193593,1.17214990482868,2.23854038995814,2,9
2.05974726747772,0.278703334478542,1.49460860682708,2.54736220847011,2,9
1.82270353119654,0.29104757652484,1.31366370666465,2.41041620017405,2,9
1.87892125357318,0.283157001018536,1.35270517873432,2.4595515300528,2,9
1.68870608772202,0.259178333644433,1.12666772241138,2.17612228381825,2,9
1.99960657726511,0.290880776797522,1.42551308413214,2.62217565811835,2,9
1.86901939020602,0.247667217804164,1.43461269271183,2.29846674122769,2,9
2.07784698014771,0.255077979554211,1.6159121435113,2.57290800053613,2,9
1.57629721483504,0.278023311622858,1.015845666835,2.04506817801227,2,9
1.5751429670335,0.253866761841882,1.08794586602186,2.08001632859432,2,9
1.68208256092728,0.29293482861119,1.10457889238179,2.14881352328888,2,9
2.07045556931623,0.285626261401741,1.51998519024433,2.64046813888818,2,9
1.92314685654749,0.303866147556083,1.3837956065628,2.48749426432413,2,9
1.89447903474949,0.285515352577532,1.38654300850277,2.46444114623621,2,9
1.53334160329471,0.265616550015083,1.05634670332889,2.07468417617993,2,9
2.29661451010834,0.29240597470954,1.72062918834318,2.89587309383509,2,9
1.6888723964995,0.256431836799821,1.19582908230005,2.16278034738805,2,9
2.31837892984296,0.273581453505583,1.7497994940106,2.8546352031659,2,9
1.93603279695487,0.286430165923872,1.35373562963929,2.54367767887479,2,9
2.35889740475207,0.281778942461391,1.87221346023443,2.88819162215768,2,9
1.9412339704246,0.265996460573315,1.42339828183719,2.4479921194209,2,9
2.30557432292969,0.282648843691216,1.71754754928247,2.82418521729549,2,9
2.18687785255402,0.264578033173915,1.64311890534658,2.7317662264757,2,9
1.94597670983799,0.342230008471656,1.26488735728782,2.59250095739531,2,9
1.91083171650721,0.314307759852351,1.31609692780713,2.48131677259904,2,9
1.87983478550406,0.314103321694745,1.25291444333009,2.44055814886853,2,9
1.70269065904047,0.280143588577899,1.17021919133527,2.20786850198645,2,9
2.01245073925253,0.284651110133497,1.44659042031441,2.5586179664334,2,9
2.12543130086205,0.260909516786999,1.61675649669724,2.63134899331934,2,9
2.34506826269111,0.290477675526408,1.84164156634836,2.91460862794737,2,9
2.17197204756801,0.308827015895136,1.54910859802206,2.78981200573583,2,9
2.45827158758374,0.257917863549803,2.01771227003015,2.9364898991731,2,9
2.37924245658044,0.270708010756802,1.77523083262425,2.88867307594847,2,9
1.81627158170351,0.301093919150722,1.24913723187931,2.39942016491239,2,9
2.52354773497245,0.301126839767064,1.8844033191234,3.08726816430733,2,9
1.93088185842254,0.297385874068084,1.40487438626786,2.46612699906594,2,9
2.33653146426576,0.250128804793291,1.82093217279943,2.79244936588764,2,9
2.33608796323563,0.333741535226631,1.70352394748677,2.95374265124639,2,9
1.87118426659942,0.275804862019193,1.2786868044096,2.42432207378632,2,9
1.60712570328052,0.280081864210205,1.00656583349324,2.17823881049043,2,9
2.04539529475131,0.300311927269855,1.43413791264445,2.64297359634768,2,9
2.06005575280954,0.275126695602809,1.52235818490853,2.60679407543858,2,9
2.1215112963543,0.292728826949969,1.5307371384728,2.6762384482664,2,9
2.20623073032645,0.275511922075151,1.62327849425812,2.76412584715613,2,9
1.8384083192405,0.25677782144336,1.37003168489751,2.36668723002694,2,9
1.70457129477636,0.275220523203745,1.18593429690088,2.24358997171402,2,9
1.75124814604858,0.309477766178337,1.076386101816,2.45161427929203,2,9
2.09111556456247,0.330698557186644,1.44589341234447,2.75847804964794,2,9
2.08344432479496,0.30030800462701,1.48687558834489,2.63041425395771,2,9
2.39122972623623,0.272604950870479,1.86674370249463,2.89769187768633,2,9
2.23527116790824,0.261779010774581,1.70871966713091,2.72772195567276,2,9
1.86093716332616,0.268504004398313,1.32926189878297,2.42085416360464,2,9
1.8009963596928,0.295583573003085,1.21573932531362,2.3287590465103,2,9
1.65558864032593,0.278562750343301,1.11798158773794,2.21056179877976,2,9
2.14401570347786,0.27624048525156,1.61990961143477,2.65349302110575,2,9
2.12495429887923,0.26221410954244,1.6366761384033,2.69743478890915,2,9
2.42746580072336,0.297290728884968,1.8354955248583,2.98352115120499,2,9
1.5804979731218,0.278397164252034,0.994114345868819,2.16165460593767,2,9
1.5724041885732,0.305018643728643,0.952468521260334,2.19969779689223,2,9
2.19664145559469,0.287333922206042,1.65966317380472,2.6907400171789,2,9
2.18999749010474,0.283924072264202,1.65341722109171,2.71604421594469,2,9
1.68897666034624,0.285067442663179,1.15039554182661,2.25010205854202,2,9
2.33920719704208,0.265489701639374,1.80992077419722,2.88904469571497,2,9
2.41069947162874,0.242413857796213,1.94308042667577,2.89357802857057,2,9
1.75038195846875,0.28029156156327,1.17339774408806,2.25288525323216,2,9
2.04946517412275,0.306538128819519,1.43336011172496,2.65774271125088,2,9
2.40529513037643,0.279698817485247,1.88763317826838,2.91971891243965,2,9
2.2987144676617,0.2753086751668,1.80942016438434,2.88488330643757,2,9
1.96124051129642,0.28095133328084,1.40215445447324,2.52437042805158,2,9
1.73664598995523,0.266760019193593,1.17214990482868,2.23854038995814,2,9
1.92179975426995,0.28749617046982,1.32931408869996,2.47792980766562,2,9
1.94975039478195,0.269717134331119,1.41014364452237,2.46008961834072,2,9
1.86496280066034,0.273685129822305,1.35794552161918,2.40839663115228,2,9
1.94603278977272,0.276480072083229,1.45873387533232,2.52998778591103,2,9
2.25731618067406,0.265258848253776,1.73467920177954,2.76668866139618,2,9
1.63112620852847,0.291216399354557,1.07781428639924,2.23377314578078,2,9
2.72466689799905,0.28835156120694,2.17538233962377,3.24993657452107,2,9
2.04005336129818,0.292318629326382,1.52135653533807,2.59483193436131,2,9
2.11892910269452,0.289791461863673,1.45112913216644,2.72260472888391,2,9
2.51454352526395,0.277444175581901,1.99847443616558,3.08566489323857,2,9
1.84039796698716,0.296260270273303,1.31080713705533,2.42864044270752,2,9
1.86298237582379,0.286574202231943,1.22518546037491,2.43522053731624,2,9
1.78302391244491,0.300959489576175,1.1771988560514,2.29290994650387,2,9
1.71649958891865,0.312583799414246,1.08206216149454,2.31023544717907,2,9
2.14658416546654,0.239877952313054,1.66493381778969,2.63007607441071,2,9
1.85859217104812,0.276415647049868,1.32651865190024,2.40663549616874,2,9
1.71907743933568,0.275401270068086,1.17730875944076,2.27492939232897,2,9
1.65038718913578,0.323140803571078,1.09266221277724,2.30600455277501,2,9
2.15749893093065,0.261584163314491,1.66632224075167,2.66973930198551,2,9
2.27148625031533,0.299363413204547,1.74245085379658,2.86652462826055,2,9
2.13389308208387,0.304552652914957,1.57006473254267,2.70365854471652,2,9
1.99837296138176,0.270026033889543,1.4897444001682,2.55797121363544,2,9
2.57745554211676,0.283513952763025,2.05417525246571,3.11528161675207,2,9
1.65406885950014,0.321676044131755,0.967543171197536,2.29980205368938,2,9
1.61611408756851,0.281671979291059,1.15888146711552,2.2099362028213,2,9
1.70122373184121,0.297415401082359,1.11495927906715,2.216904687843,2,9
1.92300776908841,0.324817653612252,1.28585277158423,2.5347997654786,2,9
1.50270140577573,0.299509875074384,0.948028758418479,2.06719241541256,2,9
1.82616704495419,0.313245760572611,1.20803200940588,2.4057697487556,2,9
1.41165398805019,0.28890894122121,0.880462181596204,1.92395830404936,2,9
1.80294925088234,0.303531389938526,1.21557991271337,2.38080527694168,2,9
2.06151646332668,0.225814431271001,1.63202061707755,2.46584539973426,2,9
2.169604188544,0.273615144656672,1.64445336340261,2.70229070607968,2,9
1.9164348011696,0.30241864754803,1.37680815570254,2.53074032694922,2,9
2.2630593404064,0.269794233865519,1.77670438934068,2.77406839902064,2,9
2.40903532235468,0.247885117321259,1.93101202926743,2.88528932657219,2,9
2.03432682435401,0.245488781038832,1.60468256614393,2.53946896171666,2,9
2.01871660370812,0.312448214138422,1.42693051371472,2.63451801732927,2,9
2.08021642416609,0.322345298673759,1.41709244647314,2.73437285263908,2,9
1.77117660744787,0.249488281177794,1.30979275552202,2.24964297920639,2,9
1.50656836503698,0.285653759037221,0.966416366806011,2.07148689017141,2,9
2.08447553412729,0.278846036578843,1.59490226869969,2.63069146750385,2,9
1.62286351728817,0.255812657854613,1.1445271212416,2.08618308008859,2,9
2.00989411559063,0.275032732655632,1.39910175156057,2.5200810863275,2,9
2.17127020743335,0.27509530228316,1.60419119768699,2.69780133914922,2,9
2.12552622845059,0.291547296284957,1.56771611736675,2.69803893906211,2,9
1.79920188437756,0.312725894009039,1.17262554630942,2.3921591104304,2,9
2.15061201623897,0.281196525236901,1.65941548734225,2.63239305508578,2,9
1.80565647321178,0.26159356751464,1.23901370791264,2.3499103648609,2,9
2.20437452598904,0.304149731013211,1.68604439148081,2.70572947043271,2,9
1.84802647477525,0.264807661657829,1.31193609214121,2.33097169675774,2,9
1.94525707498502,0.275626472395428,1.44187117669202,2.47055265036641,2,9
1.67689726716867,0.288626015885139,1.13268455726731,2.18854090527135,2,9
2.10359325948853,0.271874935668844,1.55484988990859,2.64603604735088,2,9
1.99111262724016,0.291098010298055,1.39374289596085,2.62453896324879,2,9
2.30697404557743,0.287443333639992,1.79749200284306,2.83471335970227,2,9
1.9093268171347,0.292624074796815,1.34702965431104,2.47603108167754,2,9
